-0.509923 -0.105044 0.104458 0.107788 0.714361 -0.642159 0.256324
-0.636746 0.082163 0.046943 0.018505 0.210152 0.612035 0.762172
-0.683054 0.002290 0.020873 -0.000015 -0.000137 0.136606 0.990625
-0.454388 0.104371 0.042371 0.940181 -0.339171 -0.016194 0.027568
-0.471501 0.004455 0.011375 0.592257 0.731335 -0.219309 0.257458
-0.291105 -0.017753 0.067539 0.291816 0.039777 0.954515 0.046493
-0.415838 -0.040623 0.096718 -0.656335 0.126272 0.324303 0.669409
-0.398989 -0.005983 0.010778 0.023392 0.034435 -0.593714 0.803598
-0.352351 -0.079517 0.010890 0.966300 0.180182 0.181607 -0.028582
-0.463304 -0.104589 0.036803 0.561879 -0.433540 0.253237 0.657424
-0.497596 0.034613 0.054457 0.509849 -0.129900 -0.355538 0.772511
-0.569744 -0.062314 0.037517 0.664687 0.258965 0.616803 0.332688
-0.352880 0.044930 0.011057 0.392454 -0.585402 0.384950 0.595901
-0.383840 -0.001951 0.046040 0.627595 0.775418 0.065887 -0.022604
-0.565442 0.096436 0.074210 0.923082 0.363044 -0.095841 0.083269