-0.386550 0.049389 0.103250 -0.174166 0.750522 0.330300 0.545239
-0.240530 -0.066136 0.032993 0.905933 0.015319 0.223622 -0.359226
-0.617252 -0.165162 0.033084 -0.226898 0.238073 0.588403 0.738662
-0.221056 0.055119 0.032674 0.820675 -0.462098 0.164987 -0.292810
-0.478468 -0.038620 0.094709 -0.421401 0.304183 0.086038 0.849995
-0.536591 -0.011474 0.009354 -0.000025 -0.000015 0.513103 0.858327
-0.398484 0.049601 0.010566 0.755637 -0.652388 -0.046080 0.035769
-0.287437 0.081199 0.052386 -0.129919 -0.040091 -0.615066 0.776664
-0.621449 0.039821 0.030286 0.737398 0.659805 0.125769 0.071299
-0.435376 0.185269 0.019860 0.000031 -0.000205 0.992392 -0.123116
-0.354093 -0.070587 0.016357 0.000001 -0.000000 -0.333702 0.942679
-0.499429 0.022750 0.060837 0.690043 -0.306799 -0.313636 0.575627
-0.558746 0.180541 0.031870 0.036678 0.028908 -0.750488 0.659232
-0.431623 0.142851 0.066649 0.821512 -0.013901 0.320097 -0.471659
-0.393923 -0.098396 0.055366 -0.600900 0.058144 -0.058583 0.795051
-0.338224 0.033288 0.033724 -0.703322 0.000531 0.366120 0.609339
-0.347356 -0.046118 0.144652 0.045039 -0.544355 -0.098490 0.831834
-0.444039 -0.150305 0.092613 -0.301561 0.019693 0.908937 -0.287239
-0.559167 -0.117758 0.052837 0.414731 0.572748 0.033950 0.706262
-0.504026 0.036922 0.018237 -0.025881 -0.075992 0.960829 0.265260