-0.353933 -0.012460 0.010782 0.975756 -0.218069 -0.000442 0.018616
-0.445869 -0.106467 0.118212 0.392722 0.763408 -0.467939 -0.209790
-0.621021 0.113470 0.037637 -0.052839 0.106159 0.992919 0.007039
-0.612989 -0.196382 0.012452 -0.000251 -0.002683 0.252127 0.967690
-0.482446 0.174223 0.079700 0.775573 0.361038 0.469582 -0.218247
-0.265816 0.029631 0.061237 -0.043193 0.712596 -0.190070 0.673954
-0.792699 -0.061396 0.029202 -0.000002 -0.000019 -0.195454 0.980713
-0.428074 -0.197404 0.047878 -0.258032 -0.010903 -0.363734 0.894985
-0.490352 -0.001617 0.026211 0.079958 -0.033462 0.962578 -0.256769
-0.530799 -0.046417 0.013052 0.035671 -0.059898 -0.615792 0.784819
-0.536316 -0.018386 0.086390 -0.363018 -0.304797 -0.308504 0.824707
-0.590132 -0.135582 0.081655 -0.303930 0.592885 -0.042402 0.744524
-0.421287 -0.055415 0.011335 -0.335940 0.856411 0.132922 0.368830
-0.235901 -0.158235 0.030204 0.587975 0.808114 -0.033811 0.009734
-0.472371 0.032834 0.073920 -0.364554 -0.063639 0.166182 0.914021
-0.285941 -0.153697 0.083676 -0.061159 0.048214 -0.274376 0.958464
-0.642973 0.008121 0.121846 0.006216 -0.803847 -0.054805 0.592273
-0.427671 -0.087125 0.024053 0.988452 -0.046039 0.104951 -0.099141
-0.478615 0.008373 0.011710 0.134831 0.395318 -0.317760 0.851218